5	32	3.34331e+10	3.37541e+10	3.39618e+10	3.40617e+10	3.42017e+10	3.44341e+10	3.50433e+10	3.52969e+10	3.5549e+10	3.56579e+10	3.57859e+10	3.5839e+10	3.59312e+10	2.22995	0.610024	0.215328	0.169812	0.144088	0.13513	0.125142	0.115235	0.117209	0.115923	0.118492	0.102574	0.118158	
10	32	4.84955e+09	4.72097e+09	4.65225e+09	4.615e+09	4.57282e+09	4.46632e+09	4.34158e+09	4.21759e+09	4.14066e+09	4.12841e+09	4.11578e+09	4.09814e+09	4.09818e+09	4.4801	1.29291	0.458382	0.355967	0.300294	0.275355	0.257204	0.240849	0.237491	0.23323	0.233481	0.205178	0.236654	
15	32	4.33695e+09	4.16046e+09	4.05478e+09	4.02057e+09	3.95582e+09	3.82689e+09	3.6712e+09	3.4908e+09	3.40817e+09	3.3895e+09	3.39004e+09	3.36484e+09	3.36017e+09	6.63456	1.94819	0.691973	0.535047	0.455648	0.416579	0.389411	0.358321	0.349284	0.347847	0.365911	0.313773	0.357845	
20	32	3.54006e+09	3.39377e+09	3.29792e+09	3.26405e+09	3.2059e+09	3.0833e+09	2.94118e+09	2.80138e+09	2.74397e+09	2.73648e+09	2.70997e+09	2.69679e+09	2.70193e+09	8.74632	2.41161	0.868194	0.697294	0.596914	0.549845	0.521594	0.486607	0.476149	0.465076	0.479866	0.417482	0.47808	
25	32	2.73373e+09	2.59993e+09	2.52972e+09	2.50392e+09	2.45111e+09	2.34763e+09	2.23575e+09	2.11043e+09	2.05011e+09	2.03901e+09	2.03893e+09	2.02149e+09	2.01595e+09	10.995	3.00942	1.09815	0.870543	0.750162	0.702025	0.646227	0.616237	0.588387	0.586805	0.604993	0.521523	0.59962	
50	32	1.02204e+09	9.5798e+08	9.22238e+08	9.01518e+08	8.72415e+08	8.18332e+08	7.58666e+08	7.08007e+08	6.91284e+08	6.84027e+08	6.85749e+08	6.77957e+08	6.83114e+08	21.9175	6.04129	2.22281	1.75408	1.51939	1.41915	1.31516	1.22908	1.18771	1.16177	1.2077	1.0489	1.1991	
80	32	5.53694e+08	5.12295e+08	4.82195e+08	4.66907e+08	4.494e+08	4.14237e+08	3.73934e+08	3.5703e+08	3.61139e+08	3.62633e+08	3.67949e+08	3.62216e+08	3.67428e+08	34.9279	9.70512	3.52415	2.80818	2.41798	2.28097	2.13868	1.98583	1.90939	1.87787	1.95365	1.6927	1.91957	
100	32	4.30449e+08	3.87385e+08	3.61462e+08	3.49449e+08	3.31581e+08	3.02993e+08	2.685e+08	2.63793e+08	2.75606e+08	2.84946e+08	2.89785e+08	2.84055e+08	2.88168e+08	43.796	13.0474	4.5972	3.61503	3.07593	2.87011	2.6901	2.50523	2.3848	2.35747	2.42916	2.13228	2.40807	
150	32	2.54755e+08	2.17103e+08	1.99681e+08	1.89191e+08	1.77999e+08	1.64683e+08	1.54077e+08	1.66275e+08	1.84808e+08	1.95204e+08	1.9931e+08	2.04282e+08	2.06153e+08	65.6659	18.2823	6.71907	5.27938	4.55039	4.31055	3.99556	3.70997	3.57397	3.5307	3.64303	3.18943	3.60408	
200	32	1.80783e+08	1.46443e+08	1.32515e+08	1.25996e+08	1.1888e+08	1.14204e+08	1.1627e+08	1.37798e+08	1.49431e+08	1.59725e+08	1.60589e+08	1.64662e+08	1.66057e+08	87.411	25.9553	9.48292	7.44039	6.27116	5.84028	5.3974	5.01664	4.80983	4.74925	4.91103	4.28836	4.8279	
300	32	1.01227e+08	8.22979e+07	7.81442e+07	7.40855e+07	7.33785e+07	7.53017e+07	8.25873e+07	1.07807e+08	1.2213e+08	1.31236e+08	1.30443e+08	1.42318e+08	1.44234e+08	131.383	37.0311	13.3147	10.4641	9.13612	8.6478	8.11574	7.48954	7.19646	7.0782	7.33129	6.41426	7.25135	
400	32	7.13422e+07	5.6263e+07	5.6976e+07	5.37771e+07	5.51756e+07	5.89671e+07	7.0137e+07	8.8316e+07	1.02021e+08	1.14239e+08	1.10615e+08	1.20109e+08	1.23996e+08	174.728	52.9853	19.2051	14.8981	12.5402	11.6531	10.798	10.0508	9.6089	9.52024	9.83239	8.60442	9.68962	
500	32	5.44108e+07	4.35608e+07	4.34032e+07	4.22871e+07	4.33514e+07	4.83255e+07	6.03435e+07	7.35635e+07	8.93362e+07	9.44134e+07	9.55979e+07	1.09166e+08	1.15093e+08	218.579	60.5722	21.9855	17.4142	14.9251	14.2724	13.381	12.5451	11.9519	11.7242	12.178	10.7127	12.0564	
600	32	4.33644e+07	3.58531e+07	3.42034e+07	3.42059e+07	3.48388e+07	3.85221e+07	5.00538e+07	6.20243e+07	7.21498e+07	7.58118e+07	8.40938e+07	9.31904e+07	9.21814e+07	262.675	78.9711	27.9247	21.8598	18.663	17.6783	16.4289	15.2357	14.4118	14.1808	14.7076	12.9204	14.5162	
700	32	3.6728e+07	2.89288e+07	2.70833e+07	2.86786e+07	2.92531e+07	3.1207e+07	3.8522e+07	5.08904e+07	6.03919e+07	6.50837e+07	7.05836e+07	7.50286e+07	7.85948e+07	306.298	86.1933	31.3085	25.0452	21.7008	20.407	19.0151	17.6956	16.916	16.6112	17.1463	14.973	16.856	
800	32	3.06899e+07	2.50188e+07	2.24827e+07	2.43511e+07	2.45901e+07	2.51955e+07	3.22895e+07	4.11256e+07	4.83189e+07	5.14373e+07	5.25949e+07	6.12829e+07	5.87955e+07	349.893	105.596	37.6637	29.1192	25.1385	23.6828	21.8283	20.1893	19.1512	19.0621	19.6291	17.1599	19.3262	
900	32	2.55583e+07	2.12582e+07	2.00224e+07	1.98359e+07	1.95098e+07	2.07625e+07	2.51384e+07	3.204e+07	3.91589e+07	4.08436e+07	4.43224e+07	4.75362e+07	4.91637e+07	393.119	118.013	41.9442	32.8254	28.3956	26.3331	24.5301	22.7745	21.6638	21.2765	21.9455	19.2031	21.6984	
1000	32	2.2446e+07	1.85297e+07	1.7149e+07	1.67344e+07	1.72581e+07	1.76068e+07	2.06046e+07	2.52927e+07	2.89722e+07	3.26323e+07	3.31911e+07	3.82392e+07	3.92487e+07	437.546	130.976	46.8595	36.4554	31.2831	29.4995	27.381	25.3185	24.0693	23.7828	24.5952	21.642	24.2007	
5	32	4.06547e+09	4.0557e+09	4.01509e+09	3.96752e+09	3.92603e+09	3.89204e+09	3.87655e+09	4.08128e+09	3.86156e+09	3.88489e+09	3.85679e+09	3.92189e+09	3.85901e+09	3.38608	0.919321	0.336253	0.241181	0.199833	0.188812	0.175542	0.165095	0.151167	0.158892	0.139321	0.164273	0.147449	
10	32	4.19192e+09	4.17807e+09	4.13806e+09	4.08149e+09	4.03121e+09	3.99362e+09	3.97324e+09	3.95814e+09	3.95591e+09	3.9589e+09	3.96339e+09	3.96518e+09	3.96303e+09	6.77477	1.96975	0.725047	0.516365	0.418198	0.388969	0.364213	0.337365	0.304181	0.319245	0.283073	0.334401	0.297473	
15	32	4.38052e+09	4.35754e+09	4.32052e+09	4.25868e+09	4.21023e+09	4.17268e+09	4.17483e+09	4.14262e+09	4.13319e+09	4.1335e+09	4.14837e+09	4.13928e+09	4.13926e+09	10.148	2.9408	1.08654	0.775084	0.628844	0.599053	0.558501	0.518114	0.471194	0.48714	0.428366	0.511774	0.443045	
20	32	4.26535e+09	4.24844e+09	4.20975e+09	4.15299e+09	4.11075e+09	4.07822e+09	4.06317e+09	4.05217e+09	4.05514e+09	4.05379e+09	4.0569e+09	4.0588e+09	4.05949e+09	13.4869	4.00373	1.47083	1.03259	0.846457	0.802684	0.741956	0.697989	0.625306	0.653707	0.582008	0.675221	0.591289	
25	32	4.00516e+09	3.99083e+09	3.95531e+09	3.90993e+09	3.86765e+09	3.84392e+09	3.83016e+09	3.82605e+09	3.81817e+09	3.82804e+09	3.8262e+09	3.82894e+09	3.82955e+09	16.8068	4.92353	1.85855	1.30432	1.05054	0.991886	0.928734	0.872986	0.790563	0.823407	0.727636	0.858469	0.739787	
50	32	2.77226e+09	2.76324e+09	2.75572e+09	2.73673e+09	2.72354e+09	2.71143e+09	2.70304e+09	2.70528e+09	2.70582e+09	2.70979e+09	2.71178e+09	2.71374e+09	2.71569e+09	33.4754	9.21317	3.45855	2.48903	2.08624	2.00984	1.86288	1.74477	1.5692	1.64612	1.44605	1.71084	1.48832	
80	32	2.02223e+09	2.01435e+09	2.01095e+09	2.0075e+09	2.00821e+09	2.01148e+09	2.0086e+09	2.01052e+09	2.01233e+09	2.01617e+09	2.03788e+09	2.01433e+09	2.0177e+09	53.5342	15.6641	5.90855	4.18559	3.41235	3.3206	3.04841	2.85017	2.55935	2.64877	2.34092	2.78221	2.39628	
100	32	1.74713e+09	1.73696e+09	1.73188e+09	1.73534e+09	1.73804e+09	1.74081e+09	1.74585e+09	1.742e+09	1.74334e+09	1.74752e+09	1.74467e+09	1.74125e+09	1.74736e+09	67.1633	20.1757	7.60451	5.26948	4.34787	4.14587	3.83214	3.55176	3.17493	3.31325	2.91774	3.46452	2.99802	
150	32	1.41342e+09	1.40471e+09	1.39876e+09	1.3962e+09	1.40342e+09	1.41111e+09	1.41043e+09	1.40952e+09	1.41133e+09	1.41355e+09	1.41096e+09	1.41004e+09	1.4072e+09	100.435	29.7248	11.1919	7.85152	6.46787	6.18486	5.70415	5.31804	4.74456	4.96304	4.36276	5.22632	4.48461	
200	32	1.19344e+09	1.19012e+09	1.19121e+09	1.19345e+09	1.20219e+09	1.2114e+09	1.21369e+09	1.21887e+09	1.21658e+09	1.21975e+09	1.21591e+09	1.21986e+09	1.21701e+09	133.989	37.5481	14.3315	10.079	8.43603	8.21443	7.62134	7.05188	6.3096	6.5933	5.84659	6.90466	5.99026	
300	32	9.49659e+08	9.55936e+08	9.51882e+08	9.53349e+08	9.65018e+08	9.63601e+08	9.57072e+08	9.63598e+08	9.66967e+08	9.77536e+08	9.78265e+08	9.6936e+08	9.6906e+08	200.821	61.1305	23.3943	15.9209	13.123	12.5873	11.5345	10.7012	9.5342	9.95021	8.77262	10.4044	9.00536	
400	32	8.08788e+08	8.05709e+08	8.01991e+08	7.97836e+08	8.13392e+08	8.11734e+08	8.11172e+08	8.06295e+08	8.12039e+08	8.19499e+08	8.19299e+08	8.27204e+08	8.20713e+08	267.938	75.1247	28.501	20.1152	16.7471	16.4221	15.4622	14.3262	12.7295	13.2636	11.6925	13.8915	12.0421	
500	32	7.3495e+08	7.25678e+08	7.30108e+08	7.31895e+08	7.41665e+08	7.43428e+08	7.47176e+08	7.49835e+08	7.41652e+08	7.49276e+08	7.41828e+08	7.61034e+08	7.39753e+08	334.335	93.1888	35.7211	25.0748	20.7881	20.4524	19.0805	17.7943	15.7556	16.4905	14.4553	17.283	14.9525	
600	32	6.90896e+08	6.75077e+08	6.89589e+08	6.95562e+08	7.03349e+08	7.06588e+08	7.13229e+08	7.14167e+08	7.01483e+08	7.12158e+08	6.88549e+08	7.29957e+08	7.01578e+08	401.956	112.265	43.1239	30.3848	25.3543	24.9361	23.0343	21.5927	19.1756	19.9507	17.4375	20.7822	17.9787	
700	32	6.56074e+08	6.41844e+08	6.6022e+08	6.68608e+08	6.79056e+08	6.80739e+08	6.87561e+08	6.90632e+08	6.73664e+08	6.86892e+08	6.54586e+08	6.99987e+08	6.73783e+08	468.039	140.532	53.8347	37.5041	30.826	30.1894	27.5885	25.1665	22.2929	23.3221	20.4032	24.4723	21.1509	
800	32	6.28447e+08	6.11834e+08	6.33511e+08	6.42911e+08	6.56018e+08	6.55194e+08	6.59681e+08	6.63076e+08	6.47463e+08	6.59793e+08	6.23034e+08	6.73785e+08	6.47133e+08	534.81	157.891	59.1876	41.1259	34.18	33.4141	31.1263	28.9285	25.6398	26.6906	23.3689	27.8712	24.2521	
900	32	6.1447e+08	6.00038e+08	6.21031e+08	6.28547e+08	6.42759e+08	6.37609e+08	6.46156e+08	6.48377e+08	6.26913e+08	6.43702e+08	6.08129e+08	6.53238e+08	6.31249e+08	605.229	179.587	67.7127	47.4956	39.5697	38.7751	35.6016	32.4646	28.7677	30.0531	26.3164	31.3857	27.1906	
1000	32	6.04612e+08	5.93993e+08	6.14448e+08	6.23808e+08	6.33696e+08	6.32359e+08	6.3753e+08	6.41916e+08	6.21365e+08	6.36742e+08	6.01604e+08	6.41244e+08	6.21801e+08	668.484	189.051	71.9964	50.716	42.8802	41.8967	38.6436	35.7716	31.8597	33.2114	29.1852	34.9771	30.1951	
