5	32	3.34331e+10	3.37541e+10	3.39618e+10	3.40617e+10	3.42017e+10	3.44341e+10	3.50433e+10	3.52969e+10	3.5549e+10	3.56579e+10	3.57859e+10	3.5839e+10	3.59312e+10	2.24229	0.604549	0.215203	0.170457	0.144299	0.13232	0.124369	0.115981	0.116985	0.117609	0.117044	0.103359	0.118334	
10	32	4.84955e+09	4.72097e+09	4.65225e+09	4.615e+09	4.57282e+09	4.46632e+09	4.34158e+09	4.21759e+09	4.14066e+09	4.12841e+09	4.11578e+09	4.09814e+09	4.09818e+09	4.44977	1.31711	0.474842	0.36573	0.30017	0.274891	0.253531	0.236888	0.23728	0.23034	0.231052	0.204541	0.23765	
15	32	4.33695e+09	4.16046e+09	4.05478e+09	4.02057e+09	3.95582e+09	3.82689e+09	3.6712e+09	3.4908e+09	3.40817e+09	3.3895e+09	3.39004e+09	3.36484e+09	3.36017e+09	6.6325	1.93795	0.686497	0.532622	0.450642	0.416781	0.389446	0.364769	0.349174	0.347187	0.354925	0.308644	0.354986	
20	32	3.54006e+09	3.39377e+09	3.29792e+09	3.26405e+09	3.2059e+09	3.0833e+09	2.94118e+09	2.80138e+09	2.74397e+09	2.73648e+09	2.70997e+09	2.69679e+09	2.70193e+09	8.92781	2.59265	0.917633	0.72043	0.60628	0.55786	0.519689	0.485961	0.473141	0.467959	0.478438	0.416997	0.471191	
25	32	2.73373e+09	2.59993e+09	2.52972e+09	2.50392e+09	2.45111e+09	2.34763e+09	2.23575e+09	2.11043e+09	2.05011e+09	2.03901e+09	2.03893e+09	2.02149e+09	2.01595e+09	10.9454	3.012	1.10057	0.876377	0.751961	0.702303	0.645504	0.604894	0.586604	0.583365	0.594501	0.518171	0.592138	
50	32	1.02204e+09	9.5798e+08	9.22238e+08	9.01518e+08	8.72415e+08	8.18332e+08	7.58666e+08	7.08007e+08	6.91284e+08	6.84027e+08	6.85749e+08	6.77957e+08	6.83114e+08	22.0001	5.9336	2.17482	1.74755	1.4894	1.40163	1.31422	1.23572	1.18622	1.16963	1.20548	1.04662	1.18776	
80	32	5.53694e+08	5.12295e+08	4.82195e+08	4.66907e+08	4.494e+08	4.14237e+08	3.73934e+08	3.5703e+08	3.61139e+08	3.62633e+08	3.67949e+08	3.62216e+08	3.67428e+08	35.1848	9.76973	3.50587	2.81302	2.41686	2.277	2.11378	1.96778	1.89041	1.87528	1.93283	1.69365	1.90703	
100	32	4.30449e+08	3.87385e+08	3.61462e+08	3.49449e+08	3.31581e+08	3.02993e+08	2.685e+08	2.63793e+08	2.75606e+08	2.84946e+08	2.89785e+08	2.84055e+08	2.88168e+08	43.7359	12.2807	4.45298	3.52799	3.02378	2.81965	2.63965	2.46078	2.37772	2.34749	2.41862	2.10549	2.38835	
150	32	2.54755e+08	2.17103e+08	1.99681e+08	1.89191e+08	1.77999e+08	1.64683e+08	1.54077e+08	1.66275e+08	1.84808e+08	1.95204e+08	1.9931e+08	2.04282e+08	2.06153e+08	65.5527	18.0558	6.5569	5.22039	4.47932	4.24277	3.96699	3.69652	3.55445	3.51803	3.62449	3.16834	3.58463	
200	32	1.80783e+08	1.46443e+08	1.32515e+08	1.25996e+08	1.1888e+08	1.14204e+08	1.1627e+08	1.37798e+08	1.49431e+08	1.59725e+08	1.60589e+08	1.64662e+08	1.66057e+08	87.5752	26.3396	9.31794	7.33009	6.21478	5.84637	5.39577	4.95983	4.77091	4.69404	4.84815	4.23485	4.78995	
300	32	1.01227e+08	8.22979e+07	7.81442e+07	7.40855e+07	7.33785e+07	7.53017e+07	8.25873e+07	1.07807e+08	1.2213e+08	1.31236e+08	1.30443e+08	1.42318e+08	1.44234e+08	131.129	36.3832	13.2575	10.5521	9.04201	8.59217	8.06106	7.52597	7.15299	7.03619	7.30384	6.38224	7.1766	
400	32	7.13422e+07	5.6263e+07	5.6976e+07	5.37771e+07	5.51756e+07	5.89671e+07	7.0137e+07	8.8316e+07	1.02021e+08	1.14239e+08	1.10615e+08	1.20109e+08	1.23996e+08	175.109	48.3624	17.3899	13.8538	11.943	11.304	10.6906	9.95566	9.52321	9.40948	9.70401	8.49406	9.58834	
500	32	5.44108e+07	4.35608e+07	4.34032e+07	4.22871e+07	4.33514e+07	4.83255e+07	6.03435e+07	7.35635e+07	8.93362e+07	9.44134e+07	9.55979e+07	1.09166e+08	1.15093e+08	218.443	65.5986	24.1813	18.9676	16.116	15.0528	13.8106	12.6303	11.9587	11.7642	12.1187	10.5931	12.0394	
600	32	4.33644e+07	3.58531e+07	3.42034e+07	3.42059e+07	3.48388e+07	3.85221e+07	5.00538e+07	6.20243e+07	7.21498e+07	7.58118e+07	8.40938e+07	9.31904e+07	9.21814e+07	262.648	78.0014	28.0886	22.0277	19.0576	17.8975	16.3303	15.0005	14.335	14.1193	14.6119	12.8292	14.439	
700	32	3.6728e+07	2.89288e+07	2.70833e+07	2.86786e+07	2.92531e+07	3.1207e+07	3.8522e+07	5.08904e+07	6.03919e+07	6.50837e+07	7.05836e+07	7.50286e+07	7.85948e+07	306.231	91.1343	33.1869	25.8272	22.0368	20.5107	18.9823	17.7324	16.9391	16.6563	17.1479	14.8531	16.7834	
800	32	3.06899e+07	2.50188e+07	2.24827e+07	2.43511e+07	2.45901e+07	2.51955e+07	3.22895e+07	4.11256e+07	4.83189e+07	5.14373e+07	5.25949e+07	6.12829e+07	5.87955e+07	349.348	100.698	35.6634	28.0617	24.2191	23.0843	21.456	20.0663	19.051	18.7391	19.4676	17.0018	19.178	
900	32	2.55583e+07	2.12582e+07	2.00224e+07	1.98359e+07	1.95098e+07	2.07625e+07	2.51384e+07	3.204e+07	3.91589e+07	4.08436e+07	4.43224e+07	4.75362e+07	4.91637e+07	393.716	108.931	40.2177	31.7458	27.4283	25.9463	24.3617	22.6027	21.52	21.1702	21.9003	19.07	21.5607	
1000	32	2.2446e+07	1.85297e+07	1.7149e+07	1.67344e+07	1.72581e+07	1.76068e+07	2.06046e+07	2.52927e+07	2.89722e+07	3.26323e+07	3.31911e+07	3.82392e+07	3.92487e+07	436.665	121.12	44.522	35.378	30.5316	29.1712	27.0079	25.1287	23.9189	23.4972	24.3441	21.2048	23.8655	
5	32	4.06547e+09	4.0557e+09	4.01509e+09	3.96752e+09	3.92603e+09	3.89204e+09	3.87655e+09	4.08128e+09	3.86156e+09	3.88489e+09	3.85679e+09	3.92189e+09	3.85901e+09	3.60238	0.935249	0.339476	0.243263	0.201199	0.191268	0.17491	0.164704	0.153714	0.161097	0.141224	0.165964	0.145682	
10	32	4.19192e+09	4.17807e+09	4.13806e+09	4.08149e+09	4.03121e+09	3.99362e+09	3.97324e+09	3.95814e+09	3.95591e+09	3.9589e+09	3.96339e+09	3.96518e+09	3.96303e+09	6.71066	1.95108	0.718566	0.509696	0.412735	0.386756	0.361403	0.340783	0.305875	0.323817	0.288887	0.332211	0.292016	
15	32	4.38052e+09	4.35754e+09	4.32052e+09	4.25868e+09	4.21023e+09	4.17268e+09	4.17483e+09	4.14262e+09	4.13319e+09	4.1335e+09	4.14837e+09	4.13928e+09	4.13926e+09	10.1129	2.84213	1.03636	0.74312	0.612307	0.582536	0.544985	0.510105	0.465792	0.486774	0.426027	0.500886	0.438563	
20	32	4.26535e+09	4.24844e+09	4.20975e+09	4.15299e+09	4.11075e+09	4.07822e+09	4.06317e+09	4.05217e+09	4.05514e+09	4.05379e+09	4.0569e+09	4.0588e+09	4.05949e+09	13.4387	3.92401	1.4401	1.02622	0.843015	0.793188	0.737773	0.690387	0.624015	0.652116	0.577621	0.67563	0.589359	
25	32	4.00516e+09	3.99083e+09	3.95531e+09	3.90993e+09	3.86765e+09	3.84392e+09	3.83016e+09	3.82605e+09	3.81817e+09	3.82804e+09	3.8262e+09	3.82894e+09	3.82955e+09	16.9985	4.62346	1.76967	1.25655	1.03302	0.993824	0.922489	0.865765	0.775254	0.809176	0.724453	0.844353	0.735859	
50	32	2.77226e+09	2.76324e+09	2.75572e+09	2.73673e+09	2.72354e+09	2.71143e+09	2.70304e+09	2.70528e+09	2.70582e+09	2.70979e+09	2.71178e+09	2.71374e+09	2.71569e+09	33.4614	9.83313	3.75444	2.63241	2.1503	2.04707	1.88985	1.74179	1.56671	1.63674	1.44302	1.70332	1.47597	
80	32	2.02223e+09	2.01435e+09	2.01095e+09	2.0075e+09	2.00821e+09	2.01148e+09	2.0086e+09	2.01052e+09	2.01233e+09	2.01617e+09	2.03788e+09	2.01433e+09	2.0177e+09	53.7203	14.9335	5.67434	4.03529	3.34808	3.25838	3.00601	2.81503	2.50742	2.61286	2.31221	2.72885	2.36773	
100	32	1.74713e+09	1.73696e+09	1.73188e+09	1.73534e+09	1.73804e+09	1.74081e+09	1.74585e+09	1.742e+09	1.74334e+09	1.74752e+09	1.74467e+09	1.74125e+09	1.74736e+09	67.112	18.6456	7.16628	5.03468	4.18912	4.06749	3.79005	3.48801	3.11714	3.25531	2.88213	3.41085	2.96085	
150	32	1.41342e+09	1.40471e+09	1.39876e+09	1.3962e+09	1.40342e+09	1.41111e+09	1.41043e+09	1.40952e+09	1.41133e+09	1.41355e+09	1.41096e+09	1.41004e+09	1.4072e+09	100.462	28.5777	10.8404	7.62216	6.30046	6.17594	5.72157	5.31627	4.72637	4.92242	4.3509	5.14207	4.43944	
200	32	1.19344e+09	1.19012e+09	1.19121e+09	1.19345e+09	1.20219e+09	1.2114e+09	1.21369e+09	1.21887e+09	1.21658e+09	1.21975e+09	1.21591e+09	1.21986e+09	1.21701e+09	133.802	38.2104	14.3034	10.0683	8.3837	8.21097	7.57186	7.08186	6.29711	6.58086	5.77952	6.87026	5.95162	
300	32	9.49659e+08	9.55936e+08	9.51882e+08	9.53349e+08	9.65018e+08	9.63601e+08	9.57072e+08	9.63598e+08	9.66967e+08	9.77536e+08	9.78265e+08	9.6936e+08	9.6906e+08	200.649	56.3606	21.6575	15.1685	12.5286	12.214	11.4202	10.6012	9.42526	9.88603	8.66958	10.3027	8.93837	
400	32	8.08788e+08	8.05709e+08	8.01991e+08	7.97836e+08	8.13392e+08	8.11734e+08	8.11172e+08	8.06295e+08	8.12039e+08	8.19499e+08	8.19299e+08	8.27204e+08	8.20713e+08	267.514	79.216	30.067	20.9688	17.2235	16.6454	15.3174	14.226	12.6154	13.1702	11.6028	13.7221	11.926	
500	32	7.3495e+08	7.25678e+08	7.30108e+08	7.31895e+08	7.41665e+08	7.43428e+08	7.47176e+08	7.49835e+08	7.41652e+08	7.49276e+08	7.41828e+08	7.61034e+08	7.39753e+08	334.243	100.019	38.3788	26.4454	21.5891	20.9854	19.2421	17.8259	15.9105	16.4607	14.4965	17.167	14.8967	
600	32	6.90896e+08	6.75077e+08	6.89589e+08	6.95562e+08	7.03349e+08	7.06588e+08	7.13229e+08	7.14167e+08	7.01483e+08	7.12158e+08	6.88549e+08	7.29957e+08	7.01578e+08	402.149	113.322	43.0356	30.0149	25.0315	24.7323	22.9202	21.3117	18.8786	19.6916	17.3794	20.6583	17.9103	
700	32	6.56074e+08	6.41844e+08	6.6022e+08	6.68608e+08	6.79056e+08	6.80739e+08	6.87561e+08	6.90632e+08	6.73664e+08	6.86892e+08	6.54586e+08	6.99987e+08	6.73783e+08	468.147	137.966	51.6662	36.2151	30.1256	29.1543	27.0623	25.1165	22.1901	22.9938	20.3115	24.1249	20.8957	
800	32	6.28447e+08	6.11834e+08	6.33511e+08	6.42911e+08	6.56018e+08	6.55194e+08	6.59681e+08	6.63076e+08	6.47463e+08	6.59793e+08	6.23034e+08	6.73785e+08	6.47133e+08	535.786	157.587	59.2967	41.5952	34.5413	33.7452	31.0984	28.7809	25.487	26.4078	23.2201	27.4946	23.8801	
900	32	6.1447e+08	6.00038e+08	6.21031e+08	6.28547e+08	6.42759e+08	6.37609e+08	6.46156e+08	6.48377e+08	6.26913e+08	6.43702e+08	6.08129e+08	6.53238e+08	6.31249e+08	605.317	168.599	64.6583	45.6725	38.0929	37.4508	34.6123	31.9518	28.2957	29.497	25.9877	30.8603	26.7629	
1000	32	6.04612e+08	5.93993e+08	6.14448e+08	6.23808e+08	6.33696e+08	6.32359e+08	6.3753e+08	6.41916e+08	6.21365e+08	6.36742e+08	6.01604e+08	6.41244e+08	6.21801e+08	668.743	195.716	73.9904	52.3772	43.2984	41.8848	38.7868	36.1596	31.786	32.8664	28.969	34.4006	29.8869	
