10	32	3.38728e+09	3.41076e+09	3.42709e+09	3.40719e+09	3.40762e+09	3.39304e+09	3.38429e+09	3.36777e+09	3.38094e+09	4.43807	8.44652	2.238	0.647513	0.366066	0.292323	0.236965	0.21524	0.197747	
20	32	2.63868e+09	2.55106e+09	2.53506e+09	2.55364e+09	2.54741e+09	2.56818e+09	2.55804e+09	2.5597e+09	2.54487e+09	8.81744	16.0924	4.17497	1.17477	0.650974	0.530379	0.448921	0.411336	0.387023	
50	32	8.81081e+08	7.76693e+08	8.06022e+08	7.91567e+08	7.79807e+08	8.07891e+08	7.93028e+08	7.74895e+08	7.91755e+08	21.9111	40.0779	10.3207	2.91427	1.61962	1.31485	1.12162	1.02542	0.964884	
80	32	4.87296e+08	4.50967e+08	4.29601e+08	4.40422e+08	4.43157e+08	4.24103e+08	4.37555e+08	4.33833e+08	4.17125e+08	35.0689	67.7067	17.7543	5.16651	2.92099	2.36337	1.89747	1.69488	1.57456	
100	32	3.68702e+08	3.40228e+08	3.20765e+08	3.15737e+08	3.20616e+08	3.17838e+08	3.18717e+08	3.14728e+08	3.16723e+08	43.9312	80.3681	20.8938	5.88521	3.28515	2.6568	2.26001	2.05969	1.94139	
120	32	3.0688e+08	2.57664e+08	2.55748e+08	2.49439e+08	2.45673e+08	2.43504e+08	2.56204e+08	2.53057e+08	2.47521e+08	52.505	100.87	26.3095	7.50309	4.27799	3.45469	2.83992	2.54314	2.36733	
150	32	2.47697e+08	1.81647e+08	1.85126e+08	1.84456e+08	1.91029e+08	1.93161e+08	1.92009e+08	1.87596e+08	1.79109e+08	65.7361	127.681	33.2623	9.60591	5.45936	4.38539	3.56278	3.19098	2.97192	
180	32	1.98834e+08	1.46319e+08	1.50391e+08	1.52636e+08	1.51585e+08	1.52515e+08	1.56156e+08	1.48599e+08	1.47938e+08	78.8804	145.049	37.7039	10.4927	5.86361	4.72253	4.05543	3.69767	3.47933	
200	32	1.71853e+08	1.33328e+08	1.33676e+08	1.31383e+08	1.28777e+08	1.308e+08	1.28006e+08	1.27593e+08	1.30322e+08	87.4766	169.317	44.3139	12.7299	7.2512	5.87958	4.75656	4.26478	3.93689	
300	32	9.42538e+07	7.41426e+07	7.76354e+07	7.23287e+07	7.62387e+07	8.22015e+07	7.63915e+07	7.60298e+07	7.08799e+07	131.193	239.929	62.6422	17.3196	9.67651	7.88884	6.77836	6.18622	5.82922	
400	32	6.16826e+07	5.52333e+07	5.69253e+07	5.37932e+07	5.16455e+07	5.1736e+07	5.62494e+07	6.09797e+07	6.06404e+07	175.798	341.218	89.4847	25.3695	14.3767	11.6052	9.39028	8.45096	7.82574	
500	32	4.68099e+07	3.98464e+07	4.21514e+07	4.27921e+07	4.26143e+07	4.36306e+07	4.09005e+07	4.12517e+07	3.86053e+07	218.547	404.359	105.338	29.3916	16.3139	13.1778	11.2696	10.3093	9.70817	
600	32	3.7201e+07	3.38751e+07	3.43877e+07	3.49119e+07	3.28966e+07	3.20415e+07	3.33538e+07	3.33864e+07	3.27536e+07	262.566	479.307	123.853	34.779	19.3672	15.7469	13.4865	12.3159	11.6051	
700	32	2.94186e+07	2.81403e+07	3.30926e+07	2.90707e+07	2.57284e+07	2.71881e+07	2.59357e+07	2.6792e+07	2.66074e+07	306.471	594.385	154.884	44.5415	25.1761	20.1121	16.5046	14.8534	13.6892	
800	32	2.39812e+07	2.14445e+07	2.31723e+07	2.8586e+07	2.28287e+07	2.32439e+07	2.6094e+07	2.21467e+07	2.19612e+07	349.961	684.558	178.127	51.0286	28.8484	23.1067	18.8062	16.9273	15.6565	
900	32	1.93013e+07	1.91346e+07	1.80392e+07	1.87411e+07	1.80735e+07	1.82837e+07	2.02565e+07	2.02027e+07	1.75684e+07	395.322	765.085	198.182	56.5536	32.1837	26.2046	21.31	19.1063	17.7329	
1000	32	1.6111e+07	1.60475e+07	1.64499e+07	1.54926e+07	1.66149e+07	1.61918e+07	1.54534e+07	1.5911e+07	1.63786e+07	436.621	855.083	224.414	64.3533	36.0864	29.1466	23.6383	21.181	19.639	
10	32	3.48575e+09	3.73016e+09	3.54111e+09	3.54545e+09	3.55691e+09	3.54569e+09	3.53228e+09	3.55765e+09	3.57263e+09	6.76769	12.5849	3.26201	0.891764	0.489286	0.398959	0.344769	0.314109	0.296512	
20	32	3.5715e+09	3.53179e+09	3.54487e+09	3.53691e+09	3.54138e+09	3.53006e+09	3.52774e+09	3.53066e+09	3.54442e+09	13.7885	24.8961	6.43165	1.76688	0.969768	0.79411	0.682502	0.623008	0.585382	
50	32	2.90201e+09	2.90036e+09	2.92589e+09	2.94268e+09	2.90988e+09	2.91051e+09	2.90964e+09	2.92819e+09	2.90468e+09	33.5327	63.3728	16.2871	4.4785	2.4359	1.99963	1.71632	1.57154	1.4801	
80	32	2.13671e+09	2.1777e+09	2.15906e+09	2.1743e+09	2.18311e+09	2.19171e+09	2.17503e+09	2.18456e+09	2.20036e+09	53.625	106.263	27.5146	7.63921	4.24387	3.444	2.86014	2.57158	2.40884	
100	32	1.82483e+09	1.87655e+09	1.89456e+09	1.89451e+09	1.87364e+09	1.86755e+09	1.85901e+09	1.87652e+09	1.88163e+09	66.9185	126.027	32.3224	8.84245	4.84533	3.96293	3.41232	3.13425	2.96141	
120	32	1.64198e+09	1.68682e+09	1.69555e+09	1.69791e+09	1.72203e+09	1.69825e+09	1.708e+09	1.70504e+09	1.6835e+09	80.4007	157.643	40.8541	11.2639	6.26485	5.08928	4.24286	3.80044	3.56397	
150	32	1.47404e+09	1.51509e+09	1.52142e+09	1.48018e+09	1.52967e+09	1.51112e+09	1.52879e+09	1.53501e+09	1.55786e+09	100.537	196.731	51.0776	14.1794	7.88619	6.39251	5.32162	4.7717	4.48512	
180	32	1.34634e+09	1.38622e+09	1.3802e+09	1.32844e+09	1.39523e+09	1.40583e+09	1.40715e+09	1.42563e+09	1.41417e+09	120.493	235.784	61.007	16.9151	9.3444	7.65524	6.39199	5.73577	5.39106	
200	32	1.27018e+09	1.30895e+09	1.30419e+09	1.30588e+09	1.35059e+09	1.31079e+09	1.33071e+09	1.34652e+09	1.3199e+09	133.948	261.968	68.2996	18.9179	10.4574	8.51922	7.11936	6.37253	6.00413	
300	32	9.93044e+08	1.0075e+09	1.05261e+09	1.05604e+09	1.06286e+09	1.0864e+09	1.04981e+09	1.10164e+09	1.01251e+09	200.628	376.358	96.472	26.3305	14.5643	11.9682	10.2143	9.35708	8.85214	
400	32	8.50761e+08	8.41315e+08	8.71664e+08	8.38262e+08	9.19914e+08	8.39149e+08	8.87604e+08	8.81497e+08	8.84055e+08	267.953	510.412	133.596	36.2247	19.3243	15.9525	13.6726	12.469	11.776	
500	32	7.86611e+08	7.0882e+08	7.67521e+08	7.63444e+08	8.03244e+08	7.99649e+08	7.30798e+08	7.91474e+08	7.88226e+08	334.55	654.049	170.066	47.5716	26.0657	21.2526	17.8213	15.8863	14.9482	
600	32	7.42603e+08	7.42605e+08	7.21593e+08	7.82782e+08	6.85751e+08	6.64903e+08	6.85014e+08	7.95589e+08	7.33713e+08	403.65	786.706	203.358	56.5674	31.1318	25.3762	21.3276	19.1081	17.9714	
700	32	7.21119e+08	7.0413e+08	6.46099e+08	6.52086e+08	8.10282e+08	6.37527e+08	7.06076e+08	5.95008e+08	7.25718e+08	470.521	916.891	238.846	66.3302	36.9388	29.8636	24.8301	22.3791	21.0966	
800	32	7.06814e+08	7.26215e+08	6.56218e+08	6.23775e+08	6.98755e+08	5.42076e+08	7.1487e+08	6.57226e+08	7.29463e+08	535.018	1046.15	270.467	74.8991	41.8509	34.0798	28.3309	25.5083	23.9793	
900	32	7.0044e+08	5.80976e+08	6.59343e+08	6.43986e+08	6.25329e+08	6.56904e+08	6.61485e+08	6.64252e+08	6.69353e+08	602.9	1139.41	293.994	80.6706	43.6876	36.1491	30.9522	28.2366	26.7238	
1000	32	6.97173e+08	5.49724e+08	6.09575e+08	6.74381e+08	6.31135e+08	6.20971e+08	6.72751e+08	6.7955e+08	6.83994e+08	668.542	1307.7	339.239	94.3009	52.6213	43.0634	35.7834	32.0069	30.0837	
