5	32	3.34331e+10	3.37541e+10	3.39618e+10	3.40617e+10	3.42017e+10	3.44341e+10	3.50433e+10	3.52969e+10	3.5549e+10	3.56579e+10	3.57859e+10	3.5839e+10	3.59312e+10	2.19278	0.659302	0.226826	0.177673	0.147882	0.13531	0.126786	0.116279	0.116624	0.113429	0.117946	0.102616	0.118254	
10	32	4.84955e+09	4.72097e+09	4.65225e+09	4.615e+09	4.57282e+09	4.46632e+09	4.34158e+09	4.21759e+09	4.14066e+09	4.12841e+09	4.11578e+09	4.09814e+09	4.09818e+09	4.42728	1.23289	0.431996	0.340627	0.291514	0.272239	0.254575	0.240844	0.238534	0.235231	0.241606	0.205364	0.237042	
15	32	4.33695e+09	4.16046e+09	4.05478e+09	4.02057e+09	3.95582e+09	3.82689e+09	3.6712e+09	3.4908e+09	3.40817e+09	3.3895e+09	3.39004e+09	3.36484e+09	3.36017e+09	6.74582	1.96172	0.69138	0.533053	0.450497	0.414906	0.389458	0.363839	0.351102	0.350429	0.357514	0.310052	0.357966	
20	32	3.54006e+09	3.39377e+09	3.29792e+09	3.26405e+09	3.2059e+09	3.0833e+09	2.94118e+09	2.80138e+09	2.74397e+09	2.73648e+09	2.70997e+09	2.69679e+09	2.70193e+09	8.77743	2.63999	0.953192	0.73976	0.615209	0.567036	0.519795	0.482349	0.463795	0.464986	0.476279	0.415947	0.478102	
25	32	2.73373e+09	2.59993e+09	2.52972e+09	2.50392e+09	2.45111e+09	2.34763e+09	2.23575e+09	2.11043e+09	2.05011e+09	2.03901e+09	2.03893e+09	2.02149e+09	2.01595e+09	11.1072	3.18132	1.12017	0.875426	0.75186	0.703777	0.651385	0.607365	0.596518	0.586938	0.599164	0.521948	0.594614	
50	32	1.02204e+09	9.5798e+08	9.22238e+08	9.01518e+08	8.72415e+08	8.18332e+08	7.58666e+08	7.08007e+08	6.91284e+08	6.84027e+08	6.85749e+08	6.77957e+08	6.83114e+08	21.9892	6.50234	2.33153	1.82547	1.55203	1.4275	1.33017	1.24121	1.19364	1.17665	1.20999	1.05263	1.19905	
80	32	5.53694e+08	5.12295e+08	4.82195e+08	4.66907e+08	4.494e+08	4.14237e+08	3.73934e+08	3.5703e+08	3.61139e+08	3.62633e+08	3.67949e+08	3.62216e+08	3.67428e+08	35.0451	9.62369	3.55872	2.83734	2.42781	2.30577	2.13609	1.9817	1.91495	1.88302	1.95212	1.70152	1.93483	
100	32	4.30449e+08	3.87385e+08	3.61462e+08	3.49449e+08	3.31581e+08	3.02993e+08	2.685e+08	2.63793e+08	2.75606e+08	2.84946e+08	2.89785e+08	2.84055e+08	2.88168e+08	43.8036	12.0383	4.42755	3.51499	3.02206	2.85414	2.65629	2.48371	2.38747	2.3671	2.44827	2.13522	2.40904	
150	32	2.54755e+08	2.17103e+08	1.99681e+08	1.89191e+08	1.77999e+08	1.64683e+08	1.54077e+08	1.66275e+08	1.84808e+08	1.95204e+08	1.9931e+08	2.04282e+08	2.06153e+08	65.7338	18.1078	6.67695	5.25816	4.51597	4.31256	4.00845	3.72442	3.58473	3.53317	3.67265	3.19741	3.62255	
200	32	1.80783e+08	1.46443e+08	1.32515e+08	1.25996e+08	1.1888e+08	1.14204e+08	1.1627e+08	1.37798e+08	1.49431e+08	1.59725e+08	1.60589e+08	1.64662e+08	1.66057e+08	87.4329	26.2069	9.45746	7.41746	6.32271	5.89324	5.39825	5.01635	4.78339	4.75723	4.89703	4.28424	4.83169	
300	32	1.01227e+08	8.22979e+07	7.81442e+07	7.40855e+07	7.33785e+07	7.53017e+07	8.25873e+07	1.07807e+08	1.2213e+08	1.31236e+08	1.30443e+08	1.42318e+08	1.44234e+08	131.075	39.0926	13.9905	10.882	9.23429	8.70944	8.04514	7.46702	7.2302	7.13448	7.38868	6.43267	7.24188	
400	32	7.13422e+07	5.6263e+07	5.6976e+07	5.37771e+07	5.51756e+07	5.89671e+07	7.0137e+07	8.8316e+07	1.02021e+08	1.14239e+08	1.10615e+08	1.20109e+08	1.23996e+08	174.723	48.5042	17.761	14.0956	12.1644	11.5404	10.8189	10.1032	9.54902	9.43805	9.82068	8.63252	9.67718	
500	32	5.44108e+07	4.35608e+07	4.34032e+07	4.22871e+07	4.33514e+07	4.83255e+07	6.03435e+07	7.35635e+07	8.93362e+07	9.44134e+07	9.55979e+07	1.09166e+08	1.15093e+08	219.085	65.0308	23.6655	18.4638	15.8049	14.724	13.7393	12.6878	12.0491	11.8205	12.3007	10.7231	12.061	
600	32	4.33644e+07	3.58531e+07	3.42034e+07	3.42059e+07	3.48388e+07	3.85221e+07	5.00538e+07	6.20243e+07	7.21498e+07	7.58118e+07	8.40938e+07	9.31904e+07	9.21814e+07	262.458	73.1904	26.4332	21.1981	18.5025	17.5394	16.3116	15.141	14.4206	14.1748	14.7087	12.846	14.5323	
700	32	3.6728e+07	2.89288e+07	2.70833e+07	2.86786e+07	2.92531e+07	3.1207e+07	3.8522e+07	5.08904e+07	6.03919e+07	6.50837e+07	7.05836e+07	7.50286e+07	7.85948e+07	307.606	85.1556	31.1511	24.6571	21.4261	20.295	19.127	17.8427	16.8804	16.6361	17.1124	14.932	16.8162	
800	32	3.06899e+07	2.50188e+07	2.24827e+07	2.43511e+07	2.45901e+07	2.51955e+07	3.22895e+07	4.11256e+07	4.83189e+07	5.14373e+07	5.25949e+07	6.12829e+07	5.87955e+07	350.239	105.275	38.1693	29.6435	25.3535	23.7096	22.0088	20.1618	19.2477	18.8879	19.6265	17.2223	19.4062	
900	32	2.55583e+07	2.12582e+07	2.00224e+07	1.98359e+07	1.95098e+07	2.07625e+07	2.51384e+07	3.204e+07	3.91589e+07	4.08436e+07	4.43224e+07	4.75362e+07	4.91637e+07	393.669	110.787	40.2271	32.0016	27.9011	26.3767	24.458	22.7535	21.6218	21.3204	22.0678	19.1798	21.7252	
1000	32	2.2446e+07	1.85297e+07	1.7149e+07	1.67344e+07	1.72581e+07	1.76068e+07	2.06046e+07	2.52927e+07	2.89722e+07	3.26323e+07	3.31911e+07	3.82392e+07	3.92487e+07	436.83	121.746	44.274	35.067	30.5188	28.8081	26.9971	25.1638	24.0286	23.6811	24.4993	21.3665	24.05	
5	32	4.06547e+09	4.0557e+09	4.01509e+09	3.96752e+09	3.92603e+09	3.89204e+09	3.87655e+09	4.08128e+09	3.86156e+09	3.88489e+09	3.85679e+09	3.92189e+09	3.85901e+09	3.38249	0.982182	0.357053	0.253822	0.208433	0.188965	0.17745	0.165353	0.153074	0.159678	0.140752	0.165613	0.146173	
10	32	4.19192e+09	4.17807e+09	4.13806e+09	4.08149e+09	4.03121e+09	3.99362e+09	3.97324e+09	3.95814e+09	3.95591e+09	3.9589e+09	3.96339e+09	3.96518e+09	3.96303e+09	6.72532	1.96908	0.724959	0.508794	0.415004	0.392453	0.364414	0.342969	0.310602	0.323321	0.285727	0.335221	0.296999	
15	32	4.38052e+09	4.35754e+09	4.32052e+09	4.25868e+09	4.21023e+09	4.17268e+09	4.17483e+09	4.14262e+09	4.13319e+09	4.1335e+09	4.14837e+09	4.13928e+09	4.13926e+09	10.0892	2.99689	1.09998	0.783074	0.639213	0.597264	0.55252	0.520576	0.468618	0.486128	0.434149	0.50724	0.444474	
20	32	4.26535e+09	4.24844e+09	4.20975e+09	4.15299e+09	4.11075e+09	4.07822e+09	4.06317e+09	4.05217e+09	4.05514e+09	4.05379e+09	4.0569e+09	4.0588e+09	4.05949e+09	13.4474	3.98661	1.47904	1.03086	0.845171	0.787874	0.742933	0.690997	0.623988	0.649646	0.580597	0.681024	0.593754	
25	32	4.00516e+09	3.99083e+09	3.95531e+09	3.90993e+09	3.86765e+09	3.84392e+09	3.83016e+09	3.82605e+09	3.81817e+09	3.82804e+09	3.8262e+09	3.82894e+09	3.82955e+09	16.8442	4.70274	1.78263	1.27522	1.0503	0.990414	0.924021	0.870427	0.782761	0.811672	0.729395	0.853293	0.74223	
50	32	2.77226e+09	2.76324e+09	2.75572e+09	2.73673e+09	2.72354e+09	2.71143e+09	2.70304e+09	2.70528e+09	2.70582e+09	2.70979e+09	2.71178e+09	2.71374e+09	2.71569e+09	33.4938	9.31238	3.55706	2.5708	2.10753	2.01463	1.87352	1.75563	1.5857	1.65785	1.46029	1.72783	1.48896	
80	32	2.02223e+09	2.01435e+09	2.01095e+09	2.0075e+09	2.00821e+09	2.01148e+09	2.0086e+09	2.01052e+09	2.01233e+09	2.01617e+09	2.03788e+09	2.01433e+09	2.0177e+09	53.5599	15.7792	5.93621	4.20399	3.45455	3.2699	3.03424	2.81782	2.52673	2.62924	2.32281	2.74768	2.38523	
100	32	1.74713e+09	1.73696e+09	1.73188e+09	1.73534e+09	1.73804e+09	1.74081e+09	1.74585e+09	1.742e+09	1.74334e+09	1.74752e+09	1.74467e+09	1.74125e+09	1.74736e+09	67.0483	19.8417	7.40743	5.23955	4.30284	4.11429	3.805	3.5501	3.16821	3.30006	2.93996	3.44392	2.99379	
150	32	1.41342e+09	1.40471e+09	1.39876e+09	1.3962e+09	1.40342e+09	1.41111e+09	1.41043e+09	1.40952e+09	1.41133e+09	1.41355e+09	1.41096e+09	1.41004e+09	1.4072e+09	100.661	27.9555	10.5635	7.52022	6.29939	6.08776	5.68465	5.27001	4.73298	4.94996	4.3831	5.17894	4.51014	
200	32	1.19344e+09	1.19012e+09	1.19121e+09	1.19345e+09	1.20219e+09	1.2114e+09	1.21369e+09	1.21887e+09	1.21658e+09	1.21975e+09	1.21591e+09	1.21986e+09	1.21701e+09	134.031	37.3896	14.3987	10.2513	8.49971	8.31076	7.71539	7.0952	6.32364	6.63824	5.8294	6.95238	5.99674	
300	32	9.49659e+08	9.55936e+08	9.51882e+08	9.53349e+08	9.65018e+08	9.63601e+08	9.57072e+08	9.63598e+08	9.66967e+08	9.77536e+08	9.78265e+08	9.6936e+08	9.6906e+08	201.102	56.5178	21.4377	15.0952	12.6617	12.2424	11.5048	10.7141	9.54585	9.96228	8.74565	10.3771	9.00013	
400	32	8.08788e+08	8.05709e+08	8.01991e+08	7.97836e+08	8.13392e+08	8.11734e+08	8.11172e+08	8.06295e+08	8.12039e+08	8.19499e+08	8.19299e+08	8.27204e+08	8.20713e+08	267.828	79.5605	29.4502	20.782	17.234	16.6113	15.4035	14.249	12.7112	13.2634	11.6454	13.8898	12.0272	
500	32	7.3495e+08	7.25678e+08	7.30108e+08	7.31895e+08	7.41665e+08	7.43428e+08	7.47176e+08	7.49835e+08	7.41652e+08	7.49276e+08	7.41828e+08	7.61034e+08	7.39753e+08	334.368	93.6382	35.6674	25.6351	21.383	20.8879	19.1803	17.8991	15.8798	16.5306	14.5554	17.3085	15.0065	
600	32	6.90896e+08	6.75077e+08	6.89589e+08	6.95562e+08	7.03349e+08	7.06588e+08	7.13229e+08	7.14167e+08	7.01483e+08	7.12158e+08	6.88549e+08	7.29957e+08	7.01578e+08	401.975	113.866	43.2169	30.6331	25.5785	25.0581	23.1099	21.4351	19.0672	19.8703	17.5273	20.8731	18.0401	
700	32	6.56074e+08	6.41844e+08	6.6022e+08	6.68608e+08	6.79056e+08	6.80739e+08	6.87561e+08	6.90632e+08	6.73664e+08	6.86892e+08	6.54586e+08	6.99987e+08	6.73783e+08	468.991	138.526	51.9654	36.7343	30.3503	29.3793	27.181	25.1283	22.2784	23.2346	20.3734	24.3	21.0839	
800	32	6.28447e+08	6.11834e+08	6.33511e+08	6.42911e+08	6.56018e+08	6.55194e+08	6.59681e+08	6.63076e+08	6.47463e+08	6.59793e+08	6.23034e+08	6.73785e+08	6.47133e+08	534.855	150.461	58.1749	41.2013	34.005	33.4351	31.0933	28.8312	25.4558	26.5597	23.3213	27.7478	24.0091	
900	32	6.1447e+08	6.00038e+08	6.21031e+08	6.28547e+08	6.42759e+08	6.37609e+08	6.46156e+08	6.48377e+08	6.26913e+08	6.43702e+08	6.08129e+08	6.53238e+08	6.31249e+08	602.828	179.387	68.9501	47.887	39.5969	38.5228	34.9911	32.3598	28.7663	29.8169	26.2746	31.2395	27.0778	
1000	32	6.04612e+08	5.93993e+08	6.14448e+08	6.23808e+08	6.33696e+08	6.32359e+08	6.3753e+08	6.41916e+08	6.21365e+08	6.36742e+08	6.01604e+08	6.41244e+08	6.21801e+08	668.58	188.606	74.1096	51.541	43.0304	42.3008	39.3998	35.9646	31.9429	33.2759	29.1635	34.7534	30.185	
