10	32	3.38728e+09	3.38728e+09	3.2983e+09	3.22207e+09	3.19281e+09	3.15046e+09	3.08741e+09	3.04054e+09	2.87828e+09	4.40792	8.43632	2.27706	0.74164	0.447712	0.363432	0.293284	0.269707	0.254968	
20	32	2.63868e+09	2.63868e+09	2.57519e+09	2.52067e+09	2.49475e+09	2.47156e+09	2.43124e+09	2.36051e+09	2.28265e+09	8.83027	16.0929	4.33301	1.39772	0.8561	0.712939	0.576398	0.542594	0.507695	
50	32	8.81081e+08	8.81081e+08	8.75145e+08	8.32099e+08	8.05477e+08	7.8804e+08	7.69103e+08	7.2751e+08	6.77384e+08	22.0196	40.26	10.7015	3.43709	2.11513	1.74098	1.41513	1.31575	1.2438	
80	32	4.87296e+08	4.87296e+08	4.87145e+08	4.5028e+08	4.35937e+08	4.20745e+08	4.05958e+08	3.8088e+08	3.41752e+08	35.0851	64.0574	16.8485	5.43498	3.37387	2.82046	2.31284	2.14051	2.03611	
100	32	3.68702e+08	3.68702e+08	3.75972e+08	3.4148e+08	3.30227e+08	3.10643e+08	2.97126e+08	2.80889e+08	2.55274e+08	43.9284	80.6268	21.4956	6.97228	4.20868	3.51618	2.88249	2.68007	2.52777	
120	32	3.0688e+08	3.0688e+08	3.08057e+08	2.74709e+08	2.68622e+08	2.44112e+08	2.37954e+08	2.1835e+08	2.07437e+08	52.651	97.2159	26.0188	8.41225	5.13384	4.25544	3.47077	3.2409	3.05912	
150	32	2.47697e+08	2.47697e+08	2.34393e+08	2.08336e+08	2.06524e+08	1.86185e+08	1.84495e+08	1.60966e+08	1.59118e+08	65.5083	121.377	32.7898	10.473	6.36797	5.30895	4.30677	4.03879	3.81365	
180	32	1.98834e+08	1.98834e+08	1.86527e+08	1.66046e+08	1.59402e+08	1.46308e+08	1.48756e+08	1.26914e+08	1.30226e+08	79.1061	152.715	41.199	13.5699	8.27128	6.68956	5.36767	4.98275	4.61901	
200	32	1.71853e+08	1.71853e+08	1.65495e+08	1.44132e+08	1.37869e+08	1.24889e+08	1.27839e+08	1.08038e+08	1.19888e+08	87.7219	170.073	45.5754	15.1343	9.24308	7.43071	5.98363	5.49534	5.14622	
300	32	9.42538e+07	9.42538e+07	8.69491e+07	7.99839e+07	7.58201e+07	7.37941e+07	7.06697e+07	6.60936e+07	9.08488e+07	131.437	242.854	64.8561	20.9874	12.7934	10.5619	8.59934	8.07926	7.6136	
400	32	6.16826e+07	6.16826e+07	5.72837e+07	5.17825e+07	4.90695e+07	5.0949e+07	5.12093e+07	4.97489e+07	7.90678e+07	175.73	338.677	90.9041	30.1127	18.3584	14.8778	11.9076	10.9753	10.2612	
500	32	4.68099e+07	4.68099e+07	4.06101e+07	3.88214e+07	3.81208e+07	3.67434e+07	3.71443e+07	4.23005e+07	6.63879e+07	218.7	423.193	113.817	37.98	23.0704	18.599	14.9444	13.7631	12.8191	
600	32	3.7201e+07	3.7201e+07	3.15346e+07	3.07313e+07	2.94734e+07	2.85171e+07	2.75036e+07	3.44869e+07	5.5132e+07	262.198	482.342	127.297	41.1581	25.135	20.8755	17.0103	16.0408	15.1523	
700	32	2.94186e+07	2.94186e+07	2.55837e+07	2.55909e+07	2.42525e+07	2.40407e+07	2.41693e+07	2.892e+07	4.29851e+07	305.806	597.851	159.688	52.8282	32.1153	26.1	20.8863	19.4044	18.1003	
800	32	2.39812e+07	2.39812e+07	2.1086e+07	2.10851e+07	2.05349e+07	2.03687e+07	1.99424e+07	2.3702e+07	3.46373e+07	349.344	681.306	181.459	60.3701	36.6683	29.7205	24.0274	22.2757	20.7751	
900	32	1.93013e+07	1.93013e+07	1.7247e+07	1.76299e+07	1.68834e+07	1.66819e+07	1.66676e+07	1.96166e+07	2.77981e+07	392.957	766.593	206.21	68.5197	41.4719	33.5939	26.9769	24.9821	23.0889	
1000	32	1.6111e+07	1.6111e+07	1.47988e+07	1.49219e+07	1.40774e+07	1.39609e+07	1.39267e+07	1.59936e+07	2.00157e+07	437.683	817.581	223.904	73.1685	43.2075	35.3368	28.7186	26.9613	25.4185	
10	32	3.48575e+09	3.48575e+09	3.47025e+09	3.48652e+09	3.43213e+09	3.40298e+09	3.3542e+09	3.35942e+09	3.33631e+09	6.7854	12.5698	3.33023	1.07225	0.6965	0.540836	0.437577	0.402171	0.375005	
20	32	3.5715e+09	3.5715e+09	3.57567e+09	3.5454e+09	3.53073e+09	3.48754e+09	3.45019e+09	3.42617e+09	3.41706e+09	13.4218	25.4482	6.71987	2.18221	1.43736	1.11288	0.905621	0.826608	0.780365	
50	32	2.90201e+09	2.90201e+09	2.89261e+09	2.87724e+09	2.87619e+09	2.86739e+09	2.84541e+09	2.84236e+09	2.839e+09	33.5679	62.8033	16.7659	5.3704	3.57603	2.75588	2.23894	2.03985	1.9271	
80	32	2.13671e+09	2.13671e+09	2.12732e+09	2.12129e+09	2.11347e+09	2.12724e+09	2.127e+09	2.11623e+09	2.12611e+09	53.7516	105.147	28.4786	9.29459	6.02696	4.65493	3.73838	3.37943	3.1631	
100	32	1.82483e+09	1.82483e+09	1.81803e+09	1.81478e+09	1.80665e+09	1.81446e+09	1.80813e+09	1.80535e+09	1.81178e+09	66.9095	131.179	35.351	11.5126	7.52759	5.79464	4.67093	4.25129	3.99894	
120	32	1.64198e+09	1.64198e+09	1.63583e+09	1.62809e+09	1.61798e+09	1.61375e+09	1.6165e+09	1.61452e+09	1.62676e+09	80.5251	156.542	42.2801	13.8126	9.04413	7.06171	5.6345	5.17064	4.88617	
150	32	1.47404e+09	1.47404e+09	1.4786e+09	1.4651e+09	1.45973e+09	1.44619e+09	1.4503e+09	1.45709e+09	1.46458e+09	100.482	196.205	52.4051	17.0582	11.2863	8.70339	6.93884	6.29194	5.8926	
180	32	1.34634e+09	1.34634e+09	1.35788e+09	1.34182e+09	1.33897e+09	1.32773e+09	1.33799e+09	1.34704e+09	1.35577e+09	120.738	227.195	60.8241	19.7707	12.9763	10.0173	8.15044	7.49677	7.07617	
200	32	1.27018e+09	1.27018e+09	1.28485e+09	1.26555e+09	1.27116e+09	1.2596e+09	1.27292e+09	1.28088e+09	1.28679e+09	133.988	262.897	70.1132	22.8262	15.1152	11.6219	9.316	8.4084	7.95309	
300	32	9.93044e+08	9.93044e+08	1.00927e+09	9.67793e+08	1.032e+09	1.00601e+09	1.02562e+09	1.01171e+09	1.02403e+09	201.747	378.474	101.491	32.6313	21.7053	16.693	13.6788	12.4916	11.5919	
400	32	8.50761e+08	8.50761e+08	8.62163e+08	8.0807e+08	8.86949e+08	8.61021e+08	8.83668e+08	8.46087e+08	8.83615e+08	268.1	515.211	138.823	45.1906	28.976	22.5756	18.2286	16.8962	15.8033	
500	32	7.86611e+08	7.86611e+08	8.24227e+08	7.44795e+08	8.18885e+08	8.03281e+08	8.21532e+08	7.62915e+08	8.41074e+08	334.382	659.655	175.698	57.493	37.6824	29.1495	23.3361	21.3227	19.9536	
600	32	7.42603e+08	7.42603e+08	7.91978e+08	7.0035e+08	7.67584e+08	7.48006e+08	7.64864e+08	6.97338e+08	7.78457e+08	401.918	756.878	202.33	66.3947	44.1049	34.444	27.8828	25.5013	24.0582	
700	32	7.21119e+08	7.21119e+08	7.66781e+08	6.64666e+08	7.43539e+08	7.07141e+08	7.30957e+08	6.60537e+08	7.41435e+08	469.173	881.485	236.696	76.2798	50.2959	39.2729	32.0803	29.5166	27.7098	
800	32	7.06814e+08	7.06814e+08	7.51479e+08	6.49373e+08	7.27499e+08	6.86409e+08	7.09057e+08	6.47083e+08	7.21507e+08	535.801	1051.01	285.103	93.1547	60.7911	46.6856	37.8551	34.4414	32.125	
900	32	7.0044e+08	7.0044e+08	7.36913e+08	6.39944e+08	7.22326e+08	6.73059e+08	6.99995e+08	6.45641e+08	7.00968e+08	605.355	1200.81	322.64	107.512	71.3404	54.8861	43.3096	39.2434	36.596	
1000	32	6.97173e+08	6.97173e+08	7.33958e+08	6.35261e+08	7.24201e+08	6.66623e+08	6.96417e+08	6.47341e+08	6.79242e+08	668.681	1262.4	337.016	111.297	74.3437	58.422	47.148	43.2318	40.4815	
