5	32	3.75141e+09	3.68456e+09	3.68458e+09	3.64872e+09	3.62214e+09	3.63087e+09	3.62567e+09	3.7621e+09	3.74528e+09	3.88475e+09	4.10065e+09	4.1756e+09	4.46246e+09	2.23269	0.645033	0.231731	0.17902	0.148882	0.134833	0.126724	0.117708	0.115898	0.112978	0.11445	0.101215	0.119513	
10	32	3.38728e+09	3.2534e+09	3.19281e+09	3.15046e+09	3.08741e+09	3.04054e+09	2.87828e+09	2.75181e+09	2.68614e+09	2.6816e+09	2.65484e+09	2.65592e+09	2.64723e+09	4.52856	1.28705	0.457074	0.352382	0.298502	0.275946	0.254305	0.238642	0.235278	0.230818	0.233084	0.205573	0.234724	
15	32	3.31421e+09	3.19825e+09	3.13582e+09	3.11005e+09	3.06854e+09	2.99177e+09	2.87768e+09	2.78222e+09	2.74511e+09	2.75975e+09	2.74878e+09	2.75488e+09	2.78048e+09	6.65309	1.95122	0.707049	0.549824	0.456714	0.411871	0.382197	0.356675	0.349509	0.350041	0.355673	0.307054	0.363139	
20	32	2.63868e+09	2.55071e+09	2.49475e+09	2.47156e+09	2.43124e+09	2.36051e+09	2.28265e+09	2.19809e+09	2.15887e+09	2.16887e+09	2.18414e+09	2.18271e+09	2.20335e+09	8.78841	2.59909	0.91487	0.72306	0.609712	0.560388	0.520171	0.481265	0.466082	0.460988	0.474085	0.413107	0.471486	
25	32	2.09047e+09	2.00668e+09	2.0094e+09	1.94086e+09	1.90567e+09	1.86858e+09	1.7758e+09	1.69594e+09	1.67763e+09	1.67354e+09	1.68768e+09	1.67874e+09	1.69614e+09	11.0605	3.04504	1.1064	0.873344	0.747551	0.701319	0.637055	0.600223	0.58679	0.580062	0.597726	0.517007	0.590237	
50	32	8.81081e+08	8.32576e+08	8.05477e+08	7.8804e+08	7.69103e+08	7.2751e+08	6.77384e+08	6.28744e+08	6.26822e+08	6.25898e+08	6.34751e+08	6.27336e+08	6.32631e+08	21.9989	6.46439	2.34613	1.84364	1.54963	1.43748	1.32749	1.22788	1.18004	1.1658	1.20204	1.04669	1.18986	
80	32	4.87296e+08	4.57492e+08	4.35937e+08	4.20745e+08	4.05958e+08	3.8088e+08	3.41752e+08	3.24296e+08	3.30302e+08	3.50567e+08	3.44187e+08	3.46266e+08	3.58357e+08	35.2841	9.89252	3.5737	2.8263	2.41809	2.27483	2.10924	1.96167	1.88959	1.87121	1.94161	1.67745	1.9102	
100	32	3.68702e+08	3.48193e+08	3.30227e+08	3.10643e+08	2.97126e+08	2.80889e+08	2.55274e+08	2.4411e+08	2.53667e+08	2.8099e+08	2.77809e+08	2.74947e+08	2.89156e+08	43.6765	12.9253	4.62334	3.62005	3.09235	2.89221	2.65478	2.46994	2.38517	2.32475	2.41799	2.09969	2.38617	
150	32	2.47697e+08	2.21882e+08	2.06524e+08	1.86185e+08	1.84495e+08	1.60966e+08	1.59118e+08	1.66888e+08	1.6862e+08	2.01584e+08	2.01302e+08	2.06565e+08	2.16304e+08	65.9167	17.9415	6.53533	5.18597	4.49881	4.27476	3.98499	3.71429	3.56675	3.50308	3.60509	3.15709	3.57494	
200	32	1.71853e+08	1.54566e+08	1.37869e+08	1.24889e+08	1.27839e+08	1.08038e+08	1.19888e+08	1.34367e+08	1.37598e+08	1.6441e+08	1.69296e+08	1.76819e+08	1.88944e+08	87.6919	26.2916	9.46691	7.38542	6.22178	5.83629	5.33748	4.96134	4.7499	4.70887	4.85575	4.25433	4.79434	
300	32	9.42538e+07	8.10273e+07	7.58201e+07	7.37941e+07	7.06697e+07	6.60936e+07	9.08488e+07	1.08593e+08	1.02372e+08	1.23386e+08	1.32139e+08	1.41866e+08	1.4848e+08	131.006	40.0171	14.582	11.2404	9.37185	8.73887	8.18456	7.50568	7.14288	7.04696	7.31135	6.4276	7.22537	
400	32	6.16826e+07	5.22124e+07	4.90695e+07	5.0949e+07	5.12093e+07	4.97489e+07	7.90678e+07	1.39584e+09	8.57643e+07	1.01956e+08	1.09098e+08	1.08514e+08	1.20279e+08	175.095	48.7958	17.4519	13.8727	12.0182	11.3153	10.6682	9.94895	9.48593	9.32067	9.69684	8.48838	9.58362	
500	32	4.68099e+07	3.97108e+07	3.81208e+07	3.67434e+07	3.71443e+07	4.23005e+07	6.63879e+07	7.92063e+07	7.35181e+07	8.97284e+07	9.5096e+07	8.83632e+07	9.8628e+07	218.574	66.1494	24.3264	18.8248	15.583	14.4171	13.4669	12.5238	11.9152	11.7125	12.1155	10.6036	12.0117	
600	32	3.7201e+07	3.10484e+07	2.94734e+07	2.85171e+07	2.75036e+07	3.44869e+07	5.5132e+07	6.8602e+07	6.2232e+07	7.45462e+07	7.6399e+07	7.69773e+07	8.24973e+07	261.938	72.3539	26.3896	21.071	18.4174	17.4953	16.3234	15.2014	14.4485	14.1997	14.6728	12.8403	14.3907	
700	32	2.94186e+07	2.60236e+07	2.42525e+07	2.40407e+07	2.41693e+07	2.892e+07	4.29851e+07	5.59184e+07	5.44888e+07	6.24104e+07	6.23095e+07	6.40798e+07	6.71276e+07	305.622	83.3273	30.4789	24.3467	20.9695	20.0616	18.9625	17.7357	16.8432	16.5471	17.1845	15.0171	16.7924	
800	32	2.39812e+07	2.16578e+07	2.05349e+07	2.03687e+07	1.99424e+07	2.3702e+07	3.46373e+07	4.33577e+07	4.22576e+07	5.20985e+07	5.14244e+07	5.57991e+07	5.42598e+07	349.3	103.378	37.202	29.1196	25.0106	23.4429	21.8554	20.2317	19.231	18.8166	19.5244	17.0864	19.1965	
900	32	1.93013e+07	1.83889e+07	1.68834e+07	1.66819e+07	1.66676e+07	1.96166e+07	2.77981e+07	3.42933e+07	3.56028e+07	4.08141e+07	4.05216e+07	3.96427e+07	4.5737e+07	393.426	117.193	41.9354	32.6834	27.8338	26.0217	24.5304	22.853	21.5935	21.159	21.8239	19.2062	21.5862	
1000	32	1.6111e+07	1.55419e+07	1.40774e+07	1.39609e+07	1.39267e+07	1.59936e+07	2.00157e+07	2.82883e+07	2.91243e+07	3.45858e+07	3.12066e+07	3.28146e+07	3.10097e+07	436.68	129.805	46.8882	36.8745	31.6004	29.7444	27.6011	25.3011	24.0045	23.4631	24.1762	21.1681	23.952	
5	32	1.28764e+10	1.29558e+10	1.3246e+10	1.30504e+10	1.31459e+10	1.32496e+10	1.34061e+10	1.38571e+10	1.46917e+10	1.58073e+10	1.63924e+10	1.73177e+10	1.81334e+10	3.62022	0.9209	0.340277	0.247695	0.203178	0.192506	0.17709	0.165987	0.153376	0.162274	0.143359	0.165671	0.146566	
10	32	3.48575e+09	3.51549e+09	3.43213e+09	3.40298e+09	3.3542e+09	3.35942e+09	3.33631e+09	3.34851e+09	3.42927e+09	3.47782e+09	3.56644e+09	3.60402e+09	3.68062e+09	6.84456	1.96007	0.737486	0.51931	0.422524	0.388266	0.364145	0.341478	0.310182	0.323131	0.287661	0.332329	0.292373	
15	32	3.4664e+09	3.459e+09	3.41827e+09	3.37605e+09	3.35993e+09	3.30521e+09	3.29491e+09	3.29385e+09	3.31738e+09	3.32372e+09	3.34024e+09	3.36146e+09	3.37761e+09	10.1807	2.95593	1.11131	0.778417	0.638671	0.593774	0.550711	0.512078	0.466657	0.484294	0.427403	0.506329	0.442043	
20	32	3.5715e+09	3.5744e+09	3.53073e+09	3.48754e+09	3.45019e+09	3.42617e+09	3.41706e+09	3.40743e+09	3.4181e+09	3.43336e+09	3.43949e+09	3.45606e+09	3.46069e+09	13.4647	3.92359	1.45015	1.0351	0.84617	0.802185	0.73552	0.693771	0.623133	0.654955	0.576833	0.672027	0.587143	
25	32	3.64123e+09	3.64011e+09	3.59993e+09	3.56811e+09	3.53248e+09	3.51728e+09	3.51231e+09	3.531e+09	3.51813e+09	3.53883e+09	3.54429e+09	3.56291e+09	3.57235e+09	16.9182	4.63151	1.76491	1.26996	1.04965	1.00789	0.927665	0.860715	0.781522	0.81287	0.724599	0.842006	0.736087	
50	32	2.90201e+09	2.91142e+09	2.87619e+09	2.86739e+09	2.84541e+09	2.84236e+09	2.839e+09	2.83588e+09	2.84749e+09	2.86772e+09	2.85375e+09	2.87186e+09	2.8663e+09	33.6167	9.20335	3.48546	2.51568	2.08782	2.01043	1.88289	1.7362	1.56712	1.63356	1.44681	1.71057	1.47679	
80	32	2.13671e+09	2.14617e+09	2.11347e+09	2.12724e+09	2.127e+09	2.11623e+09	2.12611e+09	2.1193e+09	2.12178e+09	2.14036e+09	2.12745e+09	2.13216e+09	2.13701e+09	53.6404	14.8759	5.678	4.00009	3.33685	3.23808	3.01069	2.81567	2.52017	2.61939	2.30858	2.71498	2.37465	
100	32	1.82483e+09	1.83308e+09	1.80665e+09	1.81446e+09	1.80813e+09	1.80535e+09	1.81178e+09	1.80718e+09	1.80864e+09	1.83044e+09	1.81413e+09	1.81804e+09	1.82179e+09	66.9336	18.543	7.09537	5.0296	4.1679	4.07101	3.7974	3.52347	3.14343	3.28439	2.89566	3.41393	2.95783	
150	32	1.47404e+09	1.48074e+09	1.45973e+09	1.44619e+09	1.4503e+09	1.45709e+09	1.46458e+09	1.45585e+09	1.43733e+09	1.48128e+09	1.45358e+09	1.46186e+09	1.45492e+09	100.68	27.9938	10.8573	7.62642	6.30329	6.17908	5.74432	5.29513	4.71201	4.9212	4.34169	5.1598	4.47847	
200	32	1.27018e+09	1.28886e+09	1.27116e+09	1.2596e+09	1.27292e+09	1.28088e+09	1.28679e+09	1.27641e+09	1.25027e+09	1.31324e+09	1.26739e+09	1.28616e+09	1.25539e+09	134.082	39.5013	14.8036	10.4253	8.59555	8.3509	7.73369	7.14045	6.33894	6.6067	5.80484	6.90204	5.96959	
300	32	9.93044e+08	1.02912e+09	1.032e+09	1.00601e+09	1.02562e+09	1.01171e+09	1.02403e+09	1.04139e+09	9.79101e+08	1.06929e+09	1.00365e+09	1.02445e+09	1.00244e+09	200.636	56.9167	21.5677	15.1973	12.6158	12.498	11.4078	10.5963	9.44019	9.80973	8.69932	10.2714	8.91897	
400	32	8.50761e+08	8.84818e+08	8.86949e+08	8.61021e+08	8.83668e+08	8.46087e+08	8.83615e+08	9.07083e+08	8.27467e+08	9.12512e+08	8.55261e+08	8.65107e+08	8.42179e+08	267.965	79.0732	29.5327	20.6988	17.1512	16.4734	15.3941	14.2377	12.613	13.1211	11.6295	13.7471	11.9414	
500	32	7.86611e+08	8.13812e+08	8.18885e+08	8.03281e+08	8.21532e+08	7.62915e+08	8.41074e+08	8.53575e+08	7.29156e+08	8.55948e+08	8.03968e+08	7.97979e+08	7.65208e+08	334.362	98.511	37.6319	26.5429	21.7286	21.1836	19.48	17.886	15.8794	16.5295	14.4704	17.2587	14.921	
600	32	7.42603e+08	7.62565e+08	7.67584e+08	7.48006e+08	7.64864e+08	6.97338e+08	7.78457e+08	7.55174e+08	6.57329e+08	8.0179e+08	7.53787e+08	7.22498e+08	6.84302e+08	403.433	112.801	43.427	30.2139	25.5767	25.1462	22.9252	21.3025	18.8859	19.6449	17.3032	20.5885	17.8081	
