100	1	2.45966e+06	2.45966e+06	2.36186e+06	2.40384e+06	2.37014e+06	2.23488e+06	2.11983e+06	2.21084e+06	1.33117	1.20748	1.20767	1.22142	1.21255	1.21268	1.20376	1.22733	
200	1	2.0987e+06	2.0987e+06	2.19558e+06	2.09189e+06	1.93456e+06	1.88925e+06	2.05016e+06	2.07812e+06	2.54696	2.42685	2.43097	2.42258	2.43485	2.42282	2.42457	2.42299	
300	1	1.83422e+06	1.83422e+06	1.86169e+06	1.96912e+06	1.80127e+06	1.76773e+06	1.88785e+06	1.99256e+06	3.81202	3.6377	3.64066	3.62659	3.63205	3.62754	3.64828	3.63911	
400	1	1.65007e+06	1.65007e+06	1.75604e+06	1.70905e+06	1.63663e+06	1.57778e+06	1.85452e+06	1.87724e+06	5.10273	4.84222	4.84852	4.84304	4.84661	4.836	4.84639	4.83235	
500	1	1.37315e+06	1.37315e+06	1.42136e+06	1.5079e+06	1.33994e+06	1.45577e+06	1.58412e+06	1.93056e+06	6.36809	6.03966	6.0659	6.07327	6.08004	6.07803	6.04557	6.06897	
600	1	1.14907e+06	1.14907e+06	1.17702e+06	1.156e+06	1.12869e+06	1.21912e+06	1.46161e+06	1.33522e+06	7.65419	7.28554	7.31071	7.28117	7.27105	7.28131	7.28548	7.28954	
700	1	975056	975056	1.01896e+06	991572	950610	945930	1.17937e+06	1.24074e+06	8.94809	8.45469	8.4555	8.45026	8.43988	8.44195	8.48858	8.48183	
800	1	838604	838604	888131	858628	827614	809622	910832	963342	10.1771	9.68578	9.70652	9.68894	9.67598	9.69529	9.69147	9.67784	
900	1	759047	759047	782375	750483	731453	715343	683501	713067	11.4324	10.9154	10.9324	10.9219	10.8876	10.8989	10.8792	10.9341	
1000	1	638324	638324	690582	664986	651599	645523	589551	560790	12.6807	12.1092	12.1459	12.1188	12.1311	12.1281	12.0984	12.1478	
1100	1	559225	559225	616568	591596	585377	589822	549230	490053	13.9894	13.3404	13.3946	13.3465	13.3623	13.3224	13.3628	13.3433	
1200	1	493208	493208	550625	529492	525457	540218	520208	466825	15.2918	14.532	14.5374	14.5042	14.5612	14.4667	14.5909	14.4788	
100	1	1.06301e+08	1.06301e+08	8.37164e+07	8.26914e+07	7.72126e+07	7.63979e+07	7.21669e+07	7.12748e+07	5.42365	5.11028	5.14148	5.1231	5.16496	5.12905	5.12091	5.16039	
200	1	8.34488e+07	8.34488e+07	6.82056e+07	6.87441e+07	6.58081e+07	6.18669e+07	6.26643e+07	6.22604e+07	10.8802	10.245	10.266	10.2351	10.2302	10.2358	10.2376	10.2389	
300	1	7.2027e+07	7.2027e+07	6.08337e+07	5.79297e+07	5.47718e+07	5.23312e+07	5.23001e+07	5.26546e+07	16.2392	15.3602	15.3745	15.3326	15.333	15.4649	15.3349	15.3537	
400	1	5.83133e+07	5.83133e+07	5.17749e+07	4.63957e+07	4.57883e+07	4.30369e+07	4.33214e+07	4.29724e+07	21.6529	20.4262	20.4962	20.4601	20.4891	20.4852	20.4269	20.4608	
500	1	4.70841e+07	4.70841e+07	4.37373e+07	3.76314e+07	3.81606e+07	3.49041e+07	3.55334e+07	3.46457e+07	27.0793	25.5674	25.6256	25.5858	25.5679	25.6101	25.5923	25.5501	
600	1	3.83058e+07	3.83058e+07	3.59182e+07	3.12488e+07	2.9867e+07	2.93009e+07	2.84549e+07	2.78299e+07	32.5115	30.6669	30.8547	30.7916	30.811	30.7503	30.8243	30.787	
700	1	3.16984e+07	3.16984e+07	3.04296e+07	2.47648e+07	2.48867e+07	2.4126e+07	2.32236e+07	2.38714e+07	37.9051	35.7917	35.8642	35.7471	35.763	35.717	35.8125	35.8309	
800	1	2.56865e+07	2.56865e+07	2.3538e+07	2.04529e+07	2.05038e+07	1.9619e+07	1.87639e+07	1.96077e+07	43.3033	40.9363	40.9297	40.9218	40.9174	40.9456	40.8962	40.9073	
900	1	2.14235e+07	2.14235e+07	1.91806e+07	1.67998e+07	1.69272e+07	1.63848e+07	1.53661e+07	1.5583e+07	48.6765	45.9649	46.2659	46.1988	46.1934	46.244	46.1681	46.1963	
1000	1	1.7259e+07	1.7259e+07	1.61096e+07	1.37957e+07	1.4228e+07	1.35243e+07	1.2547e+07	1.28141e+07	54.1655	51.0957	51.2669	51.0681	51.107	51.129	51.0332	51.1237	
1100	1	1.43318e+07	1.43318e+07	1.3176e+07	1.15691e+07	1.19684e+07	1.09943e+07	1.00139e+07	1.05591e+07	59.5338	56.2355	56.3269	56.2187	56.5071	56.4892	56.5143	56.4687	
1200	1	1.19271e+07	1.19271e+07	1.08079e+07	9.8645e+06	9.11794e+06	8.87615e+06	8.69369e+06	9.08125e+06	64.8856	61.2446	61.4132	61.2527	61.4068	61.42	61.3883	61.3325	
100	1	8.57477e+07	8.57477e+07	8.27003e+07	8.17824e+07	8.23664e+07	8.30819e+07	8.24547e+07	8.26153e+07	22.2714	21.2368	21.2303	21.2373	21.2085	21.3267	21.2417	21.2982	
200	1	3.79781e+07	3.79781e+07	3.48668e+07	3.36769e+07	3.31748e+07	3.31893e+07	3.14322e+07	3.04923e+07	44.5976	42.4624	42.4704	42.491	42.4571	42.4496	42.4567	42.473	
300	1	2.2675e+07	2.2675e+07	2.05472e+07	1.9674e+07	1.93605e+07	1.9348e+07	1.8203e+07	1.75257e+07	66.848	63.7396	63.6805	63.6922	63.6649	63.6515	63.7282	63.9456	
400	1	1.54638e+07	1.54638e+07	1.41412e+07	1.36428e+07	1.34496e+07	1.31501e+07	1.28005e+07	1.20406e+07	89.0677	84.9863	84.8733	84.9588	84.827	84.9445	85.0034	84.8948	
500	1	1.13201e+07	1.13201e+07	1.05238e+07	9.91698e+06	9.88937e+06	9.68901e+06	9.52388e+06	9.08205e+06	111.43	106.047	105.918	106.152	106.112	106.155	106.047	106.188	
600	1	8.55443e+06	8.55443e+06	7.98461e+06	7.7422e+06	7.54555e+06	7.45248e+06	7.36447e+06	7.03048e+06	133.688	127.36	127.341	127.338	127.171	127.403	127.384	127.346	
700	1	6.7519e+06	6.7519e+06	6.22812e+06	6.14397e+06	5.99079e+06	5.83142e+06	5.81418e+06	5.61774e+06	155.921	148.492	148.525	148.416	148.511	149.191	149.172	149.055	
800	1	5.39712e+06	5.39712e+06	4.99493e+06	4.91474e+06	4.73298e+06	4.58734e+06	4.65275e+06	4.53067e+06	178.075	169.708	169.636	169.722	169.724	169.852	169.754	169.694	
900	1	4.40732e+06	4.40732e+06	4.10864e+06	4.03345e+06	3.83222e+06	3.71813e+06	3.72659e+06	3.71954e+06	200.531	191.16	190.834	190.922	190.958	191.87	191.211	190.496	
1000	1	3.71889e+06	3.71889e+06	3.50145e+06	3.3532e+06	3.0943e+06	3.01003e+06	3.00961e+06	3.06007e+06	222.324	211.71	211.779	211.696	211.726	211.818	211.766	211.758	
1100	1	3.19842e+06	3.19842e+06	3.03262e+06	2.87333e+06	2.60583e+06	2.46102e+06	2.42951e+06	2.52284e+06	244.553	232.956	232.872	233.384	233.291	233.348	233.594	233.468	
1200	1	2.79015e+06	2.79015e+06	2.67333e+06	2.5306e+06	2.22582e+06	2.08184e+06	2.01514e+06	2.08021e+06	267.314	254.623	254.6	254.68	254.723	254.675	254.817	254.821	
